"","B cell","Macrophage M1","Macrophage M2","Monocyte","Neutrophil","NK cell","T cell CD4+ (non-regulatory)","T cell CD8+","T cell regulatory (Tregs)","Myeloid dendritic cell","uncharacterized cell"
"mel354","0.021377109","0.002039307","0.000000000","0.126842978","0.000000000","0.024156852","0.018631517","0.000000000","0.021743201","0.001024580","0.784184456"
"mel432","0.01854551","0.04301297","0.01708342","0.00000000","0.34120435","0.02114127","0.00000000","0.07291529","0.02202805","0.00000000","0.46406914"
"mel243","0.04764616","0.02098516","0.02779047","0.10392009","0.03470929","0.03566394","0.00000000","0.03014791","0.03834929","0.00000000","0.66078768"
"mel321","0.00000000","0.00000000","0.00000000","0.39870751","0.00000000","0.08213020","0.04574900","0.00000000","0.01078229","0.00000000","0.46263099"
"mel218","0.009007047","0.000000000","0.000000000","0.204656682","0.280710458","0.070286909","0.057300099","0.000000000","0.013171249","0.000000000","0.364867556"
"mel302","0.01808958","0.03284341","0.04010179","0.21159153","0.02717008","0.02950473","0.03686692","0.14733228","0.02993657","0.00000000","0.42656311"
"mel383","0.011320168","0.000000000","0.000000000","0.417267219","0.000000000","0.051125800","0.026084474","0.004505305","0.004214985","0.000000000","0.485482049"
"mel428","0.000000000","0.000000000","0.000000000","0.362499654","0.000000000","0.073760463","0.133113095","0.001726796","0.018790563","0.000000000","0.410109429"
"mel375","0.004665177","0.078544960","0.000000000","0.487004461","0.000000000","0.089595345","0.000000000","0.000000000","0.029655567","0.000000000","0.310534491"
"mel227","0.01063947","0.01285310","0.00000000","0.19557828","0.00000000","0.02411294","0.02346879","0.00000000","0.02566791","0.00000000","0.70767950"
"mel271","0.000000e+00","0.000000e+00","0.000000e+00","9.147617e-01","0.000000e+00","8.523825e-02","0.000000e+00","0.000000e+00","0.000000e+00","0.000000e+00","2.220446e-16"
"mel260","0.01770354","0.00000000","0.00000000","0.66013175","0.00000000","0.10074968","0.00000000","0.00000000","0.01845898","0.00000000","0.20295605"
"mel165","0.02431985","0.02860297","0.00000000","0.21432271","0.03564642","0.03865661","0.13210460","0.01137043","0.02225797","0.00000000","0.49271845"
"mel092","0.012329106","0.000000000","0.000000000","0.415426835","0.000000000","0.073897642","0.008656224","0.000000000","0.008751029","0.000000000","0.480939164"
"mel265","0.03431516","0.01979700","0.00000000","0.44164352","0.00000000","0.07025110","0.00000000","0.03732280","0.04738171","0.00000000","0.34928872"
"mel142","0.01132741","0.05358198","0.00000000","0.33277851","0.00000000","0.05867532","0.02895804","0.00000000","0.00000000","0.00000000","0.51467874"
"mel004","0.004027030","0.019888350","0.141051944","0.107182092","0.000000000","0.019572334","0.059142638","0.009112666","0.017764403","0.060227033","0.562031509"
"mel342","0.019848787","0.004363491","0.000000000","0.231169053","0.050218912","0.026977845","0.080771179","0.000000000","0.014044007","0.000000000","0.572606726"
"mel245","0.007397102","0.000000000","0.000000000","0.439103502","0.000000000","0.072090802","0.000000000","0.000000000","0.009722410","0.000000000","0.471686184"
"mel270","0.0322320896","0.0000000000","0.0000000000","0.1377723901","0.0000000000","0.0318405839","0.0633625547","0.0008147119","0.0084080434","0.0784453055","0.6471243210"
"mel281","0.0898812481","0.0777820838","0.0008860914","0.2889056266","0.0000000000","0.0398597986","0.0000000000","0.1583307997","0.0862478882","0.0000000000","0.2581064635"
"mel374","0.018169449","0.000000000","0.000000000","0.380302242","0.000000000","0.060558129","0.000000000","0.000000000","0.004479773","0.000000000","0.536490407"
"mel370","0.03990939","0.00000000","0.00000000","0.30377914","0.00000000","0.04974209","0.01533723","0.01091163","0.03258505","0.00000000","0.54773547"
"mel363","0.029913554","0.019180766","0.007694489","0.036934721","0.268070319","0.004816665","0.156348135","0.050451580","0.020123686","0.015249673","0.391216411"
"mel080","0.04198246","0.00000000","0.00000000","0.30186216","0.00000000","0.04246461","0.15784068","0.00000000","0.01941937","0.00000000","0.43643072"
"mel348","0.009864657","0.013575928","0.000000000","0.493901693","0.000000000","0.062206335","0.000000000","0.099928067","0.036202859","0.000000000","0.284320461"
"mel018","0.028913635","0.000000000","0.174048220","0.000000000","0.000000000","0.050327123","0.000000000","0.009249318","0.000000000","0.054034875","0.683426829"
"mel136","0.02636643","0.00000000","0.00000000","0.85323204","0.00000000","0.09297667","0.00000000","0.00000000","0.00000000","0.00000000","0.02742486"
"mel054","0.04540589","0.00000000","0.01369107","0.16410702","0.00000000","0.04292010","0.07686929","0.03087275","0.04026505","0.03080020","0.55506863"
"mel194","0.01347917","0.00000000","0.00000000","0.70086808","0.00000000","0.13505778","0.00000000","0.00000000","0.01561912","0.00000000","0.13497585"
"mel444","0.01324690","0.24006747","0.00000000","0.00000000","0.00000000","0.05948602","0.00000000","0.00000000","0.05727539","0.00000000","0.62992421"
"mel117","0.04216670","0.08506756","0.01122413","0.30812882","0.00000000","0.03402010","0.00000000","0.21673544","0.06106645","0.00000000","0.24159079"
"mel015","0.03576054","0.02008489","0.00000000","0.59721811","0.00000000","0.11842158","0.00000000","0.00000000","0.05935817","0.00000000","0.16915670"
"mel131","0.014533736","0.011397360","0.021702346","0.204694634","0.028247351","0.046430940","0.006626483","0.034273869","0.029282312","0.037536895","0.565274074"
"mel206","0.016017425","0.009082533","0.009953128","0.000000000","0.381732235","0.005680867","0.065285748","0.003951681","0.009744479","0.003420505","0.495131399"
"mel147","0.035044642","0.095528106","0.019221610","0.132788819","0.000000000","0.008087169","0.000000000","0.256596914","0.031951834","0.000000000","0.420780907"
"mel425","0.002967779","0.086059439","0.009469089","0.093680338","0.000000000","0.032399378","0.000000000","0.070941215","0.014446469","0.090030111","0.600006181"
"mel341","0.029011218","0.036671573","0.002508336","0.345934079","0.000000000","0.065400401","0.081646630","0.041741384","0.042701751","0.000000000","0.354384628"
"mel112","0.019802667","0.047406374","0.019438193","0.000000000","0.213631181","0.008711192","0.000000000","0.077749527","0.031067189","0.001220082","0.580973597"
"mel226","0.12173199","0.09673407","0.01396070","0.14549776","0.00000000","0.01846166","0.03542116","0.39481088","0.07906838","0.00000000","0.09431340"
"mel399","0.015411640","0.000000000","0.000000000","0.716024074","0.000000000","0.167242601","0.000000000","0.005058576","0.042277107","0.000000000","0.053986002"
"mel189","0.213713082","0.031039779","0.006569711","0.125095563","0.000000000","0.025578545","0.048690604","0.057207539","0.098534177","0.026449925","0.367121076"
"mel212","0.001266398","0.225771402","0.000000000","0.286721063","0.000000000","0.039624553","0.000000000","0.049258905","0.067131273","0.000000000","0.330226407"
"mel060","0.093084989","0.005730014","0.002090909","0.156279914","0.000000000","0.010027298","0.231009681","0.011791310","0.058271131","0.000000000","0.431714755"
"mel280","0.02099153","0.00000000","0.00000000","0.47353502","0.00000000","0.11066944","0.00000000","0.00000000","0.01758161","0.00000000","0.37722240"
"mel012","0.07196165","0.00000000","0.00000000","0.40713475","0.00000000","0.08675468","0.00000000","0.04190994","0.06023892","0.00000000","0.33200007"
"mel025","0.011802582","0.025451457","0.001913392","0.100566880","0.114979072","0.027033724","0.000000000","0.000000000","0.011341219","0.000000000","0.706911673"
"mel338","0.02885747","0.03554537","0.00000000","0.31444626","0.04371796","0.03375828","0.00000000","0.36005752","0.04003453","0.00000000","0.14358261"
"mel228","0.02382286","0.00000000","0.01549985","0.29862478","0.00000000","0.07419462","0.00000000","0.00000000","0.00000000","0.00000000","0.58785789"
"mel304","0.033965327","0.012700840","0.007864895","0.194805881","0.000000000","0.050524863","0.000000000","0.055642029","0.025364472","0.129876008","0.489255686"
"mel344","1.194091e-01","6.305639e-02","0.000000e+00","6.228814e-02","8.547960e-02","9.065531e-03","5.112177e-01","7.374460e-02","7.573902e-02","0.000000e+00","2.304533e-16"
"mel225","0.05375777","0.03229075","0.01241509","0.21690000","0.00000000","0.05194460","0.00000000","0.04809833","0.03038150","0.00000000","0.55421195"
"mel140","0.02894855","0.05987912","0.03513647","0.01899015","0.06258421","0.01514431","0.12331170","0.05784658","0.02555824","0.02996184","0.54263883"
"mel118","0.01104571","0.00000000","0.00000000","0.46147262","0.00000000","0.10241702","0.00000000","0.00000000","0.03406810","0.00000000","0.39099655"
"mel328","0.02724824","0.01997782","0.00000000","0.45170653","0.00000000","0.06349648","0.00000000","0.03182394","0.06346504","0.00000000","0.34228195"
"mel466","0.004224361","0.106988203","0.007107649","0.186301227","0.000000000","0.000000000","0.000000000","0.664560787","0.030817773","0.000000000","0.000000000"
"mel020","0.03471463","0.00000000","0.10810627","0.13896891","0.00000000","0.03868441","0.00000000","0.00000000","0.01040448","0.05931317","0.60980813"
"mel364","0.05203117","0.03734762","0.00000000","0.34857754","0.00000000","0.06036966","0.00000000","0.08609884","0.02878242","0.00000000","0.38679276"
"mel056","0.088846465","0.008217936","0.023405085","0.222478904","0.000000000","0.030628809","0.039243962","0.029414648","0.075189192","0.000000000","0.482574999"
"mel034","0.01459647","0.00000000","0.00000000","0.00000000","0.28370895","0.02373662","0.03349630","0.00000000","0.00717813","0.02870146","0.60858206"
"mel238","0.02794460","0.00000000","0.00000000","0.36080766","0.00000000","0.09325231","0.00000000","0.00000000","0.02425605","0.00000000","0.49373938"
"mel294","0.05106822","0.05046365","0.00000000","0.18476321","0.13535346","0.05106788","0.00000000","0.11540985","0.04362906","0.00000000","0.36824468"
"mel451","0.027742346","0.041354230","0.000000000","0.236274896","0.000000000","0.037474270","0.068281815","0.006793279","0.017552879","0.000000000","0.564526285"
"mel287","0.009450215","0.000000000","0.000000000","0.585862228","0.000000000","0.082315007","0.000000000","0.000000000","0.003339611","0.000000000","0.319032939"
"mel343","0.008349309","0.146298101","0.000000000","0.270212685","0.000000000","0.033118952","0.000000000","0.542020953","0.000000000","0.000000000","0.000000000"
"mel320","0.03095499","0.00000000","0.00000000","0.58802905","0.00000000","0.11609629","0.00000000","0.01667628","0.02757747","0.00000000","0.22066592"
"mel395","0.51368077","0.03076795","0.01565774","0.00000000","0.14595678","0.02171814","0.11310487","0.02878369","0.07930776","0.05102230","0.00000000"
"mel378","0.04910332","0.08221891","0.00000000","0.27624025","0.00000000","0.05841186","0.00000000","0.15991607","0.06314421","0.00000000","0.31096539"
"mel252","0.035810541","0.007225520","0.031279147","0.090625765","0.000000000","0.032824469","0.023419244","0.019325329","0.013055838","0.003030098","0.743404050"
"mel336","0.019593805","0.095779245","0.005978101","0.223245923","0.000000000","0.039198594","0.000000000","0.009521412","0.034936603","0.000000000","0.571746318"
"mel301","0.0634247028","0.0002528383","0.0144012805","0.0000000000","0.0157780321","0.0534382491","0.0166679818","0.0000000000","0.0239971129","0.0812582385","0.7307815640"
"mel457","0.028310561","0.021958786","0.000000000","0.108539365","0.143041714","0.028197149","0.018711086","0.007379238","0.020929067","0.000000000","0.622933034"
"mel093","0.012483386","0.000000000","0.005151066","0.097898109","0.255071668","0.029476578","0.037833685","0.000000000","0.007831080","0.000000000","0.554254429"
"mel254","0.01210457","0.01356702","0.00000000","0.50079317","0.00000000","0.09209769","0.00000000","0.03372235","0.03460429","0.00000000","0.31311090"
"mel074","0.02235936","0.01733819","0.01629770","0.29966926","0.00000000","0.04976302","0.00000000","0.02269874","0.02852872","0.00000000","0.54334501"
"mel065","0.09073988","0.07906334","0.00000000","0.33075141","0.00000000","0.05404453","0.00000000","0.02232014","0.05920626","0.00000000","0.36387444"
"mel029","0.03947962","0.02191271","0.00000000","0.40404709","0.00000000","0.06727228","0.00000000","0.04629094","0.02873351","0.00000000","0.39226384"
"mel069","0.0225332192","0.0000000000","0.0273715893","0.1587525079","0.0000000000","0.0413498491","0.0380865487","0.0004136269","0.0009147175","0.0000000000","0.7105779413"
"mel411","0.01766727","0.00000000","0.00000000","0.63680484","0.00000000","0.13489613","0.00000000","0.03994514","0.04627138","0.00000000","0.12441523"
"mel277","0.05993550","0.01740482","0.02052250","0.12069918","0.01851936","0.03343788","0.00000000","0.09070004","0.06376288","0.00000000","0.57501784"
"mel300","0.037392942","0.058410220","0.003113184","0.113896560","0.109462103","0.026432088","0.000000000","0.002090003","0.019072506","0.000000000","0.630130394"
"mel376","0.118224642","0.042611876","0.004801802","0.148141862","0.111255468","0.032135233","0.005638594","0.096389790","0.095627478","0.000000000","0.345173256"
"mel005","0.0347767600","0.0000000000","0.0000000000","0.5880899382","0.0000000000","0.1324000726","0.0000000000","0.0001119316","0.1422122424","0.0000000000","0.1024090551"
"mel107","0.016325036","0.030124260","0.009831397","0.125093144","0.042176475","0.028848811","0.101087497","0.000000000","0.024206394","0.000000000","0.622306987"
"mel283","0.01721366","0.06431701","0.00000000","0.28543344","0.03488172","0.05532542","0.00000000","0.22755924","0.03183062","0.00000000","0.28343889"
"mel417","0.007522482","0.000000000","0.006977033","0.181265878","0.084094946","0.041021295","0.000000000","0.000000000","0.008353542","0.000000000","0.670764824"
"mel297","0.06638915","0.00000000","0.00000000","0.17861064","0.00000000","0.01856469","0.23921775","0.00000000","0.02252998","0.00000000","0.47468779"
"mel326","0.030091191","0.027566226","0.008664489","0.163893107","0.000000000","0.024099107","0.002639820","0.028069440","0.065219153","0.036991421","0.612766046"
"mel040","0.021793529","0.000000000","0.000000000","0.379945481","0.000000000","0.066977778","0.100316056","0.001041762","0.016010103","0.000000000","0.413915291"
"mel382","0.035002755","0.074627543","0.000000000","0.109988842","0.014897733","0.067377481","0.014765936","0.005367597","0.052134867","0.023601449","0.602235799"
"mel275","0.005111031","0.000000000","0.028011697","0.031857316","0.159118368","0.013186357","0.045877998","0.000000000","0.010748527","0.003261032","0.702827674"
"mel396","0.04024759","0.00000000","0.00000000","0.49999563","0.00000000","0.06536372","0.00000000","0.06385368","0.01484782","0.00000000","0.31569157"
"mel325","0.017274164","0.025943645","0.017816103","0.000000000","0.294882074","0.004854156","0.013545122","0.041679577","0.013993565","0.036678744","0.533332849"
"mel409","0.07313195","0.01422439","0.00000000","0.29165592","0.00000000","0.02709140","0.03304818","0.01912946","0.03949698","0.00000000","0.50222172"
"mel103","0.035311835","0.002008742","0.000000000","0.360733549","0.000000000","0.065744090","0.000000000","0.013836821","0.032697223","0.000000000","0.489667740"
"mel208","0.02473458","0.00000000","0.00000000","0.43789441","0.00000000","0.08380945","0.00000000","0.00000000","0.02077158","0.00000000","0.43278998"
"mel273","0.032063188","0.004370407","0.000000000","0.184516125","0.000000000","0.044064007","0.001521989","0.003410382","0.018072592","0.010892942","0.701088368"
"mel163","3.573954e-02","7.362931e-05","0.000000e+00","2.132065e-01","0.000000e+00","4.674939e-02","0.000000e+00","0.000000e+00","2.636549e-02","2.810675e-02","6.497587e-01"
"mel039","0.015025248","0.137797440","0.000000000","0.230325646","0.000000000","0.008725828","0.000000000","0.370305877","0.042583096","0.000000000","0.195236866"
"mel210","0.04427185","0.00000000","0.00000000","0.29180344","0.00000000","0.05229998","0.11125685","0.00000000","0.01547080","0.00000000","0.48489708"
"mel171","0.0527448192","0.1182055519","0.0195986406","0.1259500729","0.0189069465","0.0264561403","0.0904230276","0.0003929792","0.0213783749","0.0000000000","0.5259434469"
"mel175","0.016010588","0.000000000","0.019803601","0.000000000","0.286142023","0.008672200","0.066513274","0.000000000","0.020391949","0.007355043","0.575111323"
"mel319","0.03748244","0.06324489","0.00000000","0.28527856","0.00000000","0.03952118","0.00000000","0.08604197","0.02829879","0.00000000","0.46013217"
"mel157","0.043366092","0.045290672","0.008495079","0.186000627","0.037518691","0.033187138","0.000000000","0.097654506","0.054170237","0.000000000","0.494316957"
"mel008","0.01347182","0.55324723","0.00000000","0.00000000","0.00000000","0.03107363","0.00000000","0.00000000","0.01758938","0.00000000","0.38461794"
"mel046","0.022459858","0.018927141","0.012818086","0.097997653","0.004173325","0.014867382","0.123076534","0.009701500","0.020586229","0.017954967","0.657437326"
"mel427","0.01835341","0.12702623","0.00000000","0.38578974","0.00000000","0.06379218","0.00000000","0.03303711","0.04330978","0.00000000","0.32869155"
"mel036","0.022428767","0.000000000","0.000000000","0.413183389","0.000000000","0.099465625","0.000000000","0.004743431","0.036032792","0.000000000","0.424145996"
"mel122","0.01917510","0.07869704","0.05199081","0.24816916","0.00000000","0.04546114","0.00000000","0.00000000","0.01676132","0.00000000","0.53974543"
"mel213","0.04861411","0.03282680","0.02563815","0.20205212","0.00000000","0.03181722","0.18488026","0.04636198","0.04220314","0.00000000","0.38560622"
"mel182","0.01098164","0.34438868","0.00000000","0.00000000","0.00000000","0.05921737","0.00000000","0.00000000","0.03240548","0.00000000","0.55300684"
"mel076","0.000000000","0.109959650","0.000000000","0.458014936","0.000000000","0.072338516","0.000000000","0.000000000","0.005050905","0.000000000","0.354635993"
"mel310","0.04053335","0.00000000","0.00000000","0.32933437","0.00000000","0.03110188","0.29532030","0.00000000","0.02387535","0.00000000","0.27983475"
"mel097","0.196157648","0.096605567","0.034485487","0.025075862","0.001286365","0.008641224","0.274318005","0.123402774","0.085005274","0.050665306","0.104356488"
"mel412","0.038484845","0.000000000","0.012129220","0.208144800","0.140676602","0.032235440","0.135094732","0.006225911","0.017954408","0.000000000","0.409054042"
"mel164","0.045723364","0.054724860","0.112489881","0.056790776","0.036613883","0.006991764","0.000000000","0.208850648","0.035541716","0.000000000","0.442273109"
"mel397","0.06161826","0.01392835","0.00000000","0.20744117","0.02561686","0.04560319","0.00000000","0.00000000","0.02253583","0.06011848","0.56313785"
"mel186","0.001059555","0.300717365","0.000000000","0.000000000","0.000000000","0.027998658","0.000000000","0.000000000","0.035365568","0.000000000","0.634858853"
"mel180","0.03214144","0.14216553","0.00000000","0.36601715","0.00000000","0.04345729","0.00000000","0.37776789","0.03845070","0.00000000","0.00000000"
"mel032","0.02711972","0.04056962","0.01431357","0.08540398","0.00000000","0.01299729","0.03243282","0.04147167","0.01908941","0.05383600","0.67276592"
"mel324","0.03030051","0.00000000","0.00000000","0.30347323","0.00000000","0.07263657","0.00000000","0.01869706","0.01728873","0.00000000","0.55760390"
"mel116","0.02844789","0.12598880","0.00000000","0.27498608","0.00000000","0.05168577","0.00000000","0.01133005","0.04075558","0.00000000","0.46680583"
"mel058","0.024822276","0.000000000","0.001743268","0.158323790","0.000000000","0.019222133","0.073167274","0.000000000","0.009966500","0.014192838","0.698561922"
"mel421","0.0306306462","0.0354617535","0.0026659948","0.1634784599","0.0423533356","0.0405201160","0.0000000000","0.0005443844","0.0129838296","0.0000000000","0.6713614800"
"mel143","0.0185751703","0.0000000000","0.0262215503","0.0000000000","0.1182706818","0.0063043758","0.0767784504","0.0000000000","0.0058946537","0.0006511146","0.7473040030"
"mel268","0.020236005","0.016579330","0.017465811","0.118548010","0.013079844","0.020154351","0.092429705","0.002355846","0.013029930","0.000000000","0.686121168"
"mel264","0.03266917","0.00000000","0.00000000","0.24049659","0.00000000","0.05347541","0.00000000","0.00000000","0.03091633","0.05891151","0.58353098"
"mel166","0.02947248","0.00782291","0.01500183","0.21587208","0.00000000","0.04602354","0.00000000","0.01290231","0.02160633","0.00000000","0.65129852"
"mel144","0.01965716","0.00000000","0.00000000","0.55998866","0.00000000","0.08856767","0.00000000","0.00000000","0.00000000","0.00000000","0.33178651"
"mel146","0.02588986","0.02324954","0.00000000","0.39455536","0.00000000","0.03956446","0.08969252","0.01116655","0.01494300","0.00000000","0.40093871"
"mel408","0.027380903","0.008287447","0.009592912","0.093223290","0.044230414","0.019494280","0.105861420","0.002862783","0.016197430","0.000000000","0.672869121"
"mel429","0.0199757369","0.0007983582","0.0498716581","0.1282303253","0.0665455506","0.0264207088","0.0601076216","0.0247639384","0.0387328201","0.0000000000","0.5845532820"
"mel172","0.015054418","0.000000000","0.000000000","0.274862270","0.000000000","0.063066072","0.073027051","0.009591865","0.028232418","0.000000000","0.536165906"
"mel013","0.01679144","0.07698836","0.00000000","0.40541597","0.00000000","0.08395086","0.00000000","0.00000000","0.04081873","0.00000000","0.37603463"
"mel096","0.0352009292","0.0027742700","0.0004976983","0.2773060152","0.0000000000","0.0283205619","0.1925706440","0.0103694397","0.0231364380","0.0000000000","0.4298240037"
"mel262","0.005580828","0.000000000","0.089186161","0.121869718","0.000000000","0.023601300","0.104799942","0.000000000","0.023219266","0.000000000","0.631742785"
"mel251","0.05042695","0.00000000","0.01102120","0.21772151","0.00000000","0.04754026","0.14280667","0.00000000","0.02559635","0.00000000","0.50488705"
"mel183","0.021384652","0.023404265","0.010076591","0.099308174","0.000000000","0.016354822","0.097669388","0.011956885","0.009973727","0.000000000","0.709871497"
"mel204","0.022116636","0.004776294","0.114068073","0.000000000","0.055779041","0.014021277","0.000000000","0.004962909","0.020305639","0.007146444","0.756823687"
"mel188","0.00000000","0.00000000","0.00000000","0.58277555","0.00000000","0.09893852","0.00000000","0.00000000","0.00000000","0.00000000","0.31828593"
"mel248","0.01164995","0.04569849","0.00000000","0.15056247","0.00000000","0.02955614","0.00000000","0.02688486","0.01975331","0.00000000","0.71589479"
"mel154","0.031638545","0.007186888","0.000000000","0.067673731","0.082004110","0.011539766","0.126038925","0.000000000","0.019231711","0.025668874","0.629017450"
"mel133","0.051435747","0.015020599","0.010116464","0.294502668","0.000000000","0.059182392","0.000000000","0.007984904","0.046806119","0.000000000","0.514951107"
"mel106","0.009857019","0.034054243","0.000000000","0.108987623","0.128224121","0.026454626","0.000000000","0.000000000","0.079620972","0.000000000","0.612801396"
"mel413","0.02293454","0.02024994","0.00000000","0.40434727","0.00000000","0.07874363","0.00000000","0.00219518","0.02001557","0.00000000","0.45151387"
"mel181","0.022840484","0.048093302","0.024638237","0.000000000","0.223560007","0.007801167","0.000000000","0.056286652","0.049623706","0.042903819","0.524252626"
"mel420","5.178397e-02","0.000000e+00","6.188995e-05","1.915888e-01","1.989939e-02","3.407915e-02","4.506255e-02","7.698094e-02","1.326148e-02","0.000000e+00","5.672818e-01"
"mel407","0.021149561","0.003899902","0.011414716","0.191674517","0.000000000","0.030438937","0.111273415","0.000000000","0.013613542","0.017713163","0.598822248"
"mel339","0.08382365","0.01391149","0.00000000","0.30421733","0.00000000","0.05769461","0.01648601","0.08755933","0.06545261","0.00000000","0.37085496"
"mel414","0.010122684","0.002100679","0.000000000","0.149956143","0.000000000","0.084355335","0.000000000","0.014841574","0.000000000","0.104854809","0.633768775"
"mel442","0.012143289","0.000000000","0.004155445","0.241863775","0.000000000","0.050832335","0.000000000","0.076833632","0.023676229","0.000000000","0.590495295"
"mel214","0.015799502","0.000000000","0.000000000","0.240942252","0.000000000","0.064794279","0.002742681","0.008259703","0.024054935","0.000000000","0.643406650"
"mel121","0.06850285","0.00000000","0.00000000","0.35758413","0.00000000","0.07623024","0.00000000","0.01094864","0.04302830","0.00000000","0.44370584"
"mel434","0.023552167","0.014634544","0.019091345","0.250386919","0.000000000","0.046784548","0.048238681","0.005598084","0.022702175","0.000000000","0.569011535"
"mel114","0.01754693","0.00000000","0.00000000","0.35577331","0.00000000","0.08234724","0.00000000","0.00000000","0.02781882","0.00000000","0.51651370"
"mel368","0.05191870","0.06710227","0.00000000","0.27484572","0.00000000","0.07296499","0.00000000","0.13359616","0.06462465","0.00000000","0.33494752"
"mel145","0.010024948","0.003084990","0.016674423","0.043279961","0.091677553","0.012362656","0.041852883","0.007789684","0.010880664","0.000000000","0.762372236"
"mel017","0.015563166","0.003369284","0.000000000","0.330161900","0.000000000","0.052724999","0.046550536","0.000000000","0.029903720","0.000000000","0.521726397"
"mel038","0.02751949","0.00000000","0.00000000","0.10369893","0.08033730","0.01946104","0.05604268","0.00000000","0.02577415","0.01975726","0.66740916"
"mel315","0.01152133","0.00000000","0.00000000","0.33020762","0.00000000","0.05397848","0.11598881","0.00000000","0.01216730","0.00000000","0.47613647"
"mel222","0.03297213","0.00000000","0.00000000","0.59074481","0.00000000","0.08780938","0.00000000","0.00000000","0.00000000","0.00000000","0.28847369"
"mel288","0.0065190387","0.0000000000","0.0055697250","0.1303782708","0.0269543615","0.0164188754","0.0134971789","0.0000000000","0.0007780453","0.0000000000","0.7998845043"
"mel049","0.059885831","0.000000000","0.000000000","0.287061876","0.000000000","0.066225740","0.133388942","0.001088832","0.025309803","0.017524213","0.409514764"
"mel220","0.04952819","0.01952420","0.00000000","0.18990251","0.00000000","0.03019647","0.07406839","0.05093573","0.03483877","0.01058405","0.54042169"
"mel415","0.03591596","0.00000000","0.00000000","0.21221817","0.00000000","0.05840020","0.01006794","0.04634980","0.04391666","0.00000000","0.59313127"
"mel185","0.0232340912","0.1522406661","0.0200007593","0.2020183766","0.0000000000","0.0430387475","0.0000000000","0.0006794634","0.0415334044","0.0000000000","0.5172544915"
"mel261","0.008429597","0.000000000","0.000000000","0.652947852","0.000000000","0.116061226","0.000000000","0.000000000","0.015340379","0.000000000","0.207220945"
"mel021","0.40988475","0.01785195","0.03983035","0.00000000","0.00000000","0.01933634","0.36910438","0.07236290","0.05985395","0.01177538","0.00000000"
"mel028","0.12513520","0.01893472","0.04967023","0.02215415","0.02137297","0.00277677","0.26573184","0.05707422","0.07083695","0.04094347","0.32536947"
"mel130","0.018256655","0.010885535","0.010866156","0.044856431","0.008382005","0.017386882","0.036530431","0.001415122","0.016052435","0.090533744","0.744834603"
"mel235","0.010089075","0.000000000","0.000000000","0.600768405","0.000000000","0.090364115","0.000000000","0.000000000","0.001763739","0.000000000","0.297014667"
"mel082","0.02456563","0.01006873","0.00000000","0.31269238","0.00000000","0.05400760","0.05255283","0.07420703","0.02612217","0.00000000","0.44578363"
"mel091","0.019555799","0.058268531","0.010473764","0.094910008","0.192215939","0.028329182","0.001056331","0.020059711","0.034627179","0.000000000","0.540503558"
"mel329","0.01503466","0.00000000","0.00000000","0.17089986","0.00000000","0.05620298","0.07394924","0.00000000","0.01824670","0.07238312","0.59328345"
"mel410","0.02110813","0.04569859","0.00000000","0.35274966","0.00000000","0.04282963","0.00000000","0.08786774","0.01554886","0.00000000","0.43419740"
"mel250","0.03986086","0.04543337","0.00000000","0.25651253","0.00000000","0.04959851","0.04913780","0.12132236","0.03404072","0.00000000","0.40409384"
"mel351","0.005286897","0.014199107","0.000000000","0.326967318","0.000000000","0.041562256","0.000000000","0.015948032","0.013129938","0.000000000","0.582906452"
"mel416","0.017855470","0.007483079","0.029706739","0.000000000","0.056823530","0.007632298","0.071530756","0.001136273","0.027969003","0.052098770","0.727764084"
"mel014","0.000000000","0.005092219","0.000000000","0.553130134","0.000000000","0.097589817","0.000000000","0.000000000","0.015903183","0.000000000","0.328284647"
"mel247","0.01141106","0.00000000","0.00000000","0.35046887","0.00000000","0.10080228","0.07074821","0.00000000","0.02101522","0.02062704","0.42492732"
"mel011","0.009387987","0.000000000","0.000000000","0.487558536","0.000000000","0.076343378","0.000000000","0.000000000","0.015981840","0.000000000","0.410728259"
"mel314","0.05421023","0.08039680","0.02799808","0.13730374","0.00000000","0.03636105","0.00000000","0.08837705","0.03785928","0.00000000","0.53749379"
"mel440","0.006053997","0.016939759","0.054966472","0.040448205","0.000000000","0.040997515","0.059323364","0.006307210","0.007449216","0.094277593","0.673236668"
"mel359","0.082250038","0.048035652","0.008281767","0.130296379","0.000000000","0.013926605","0.175012573","0.022103809","0.041953557","0.020552399","0.457587220"
"mel068","0.02958504","0.03361490","0.02113924","0.00474966","0.12191532","0.01930657","0.06931634","0.02364430","0.01161198","0.06048209","0.60463458"
"mel126","0.005581403","0.039886480","0.001692214","0.052757204","0.095999619","0.011179914","0.016341719","0.000000000","0.013352631","0.076602480","0.686606337"
"mel221","0.005229518","0.000000000","0.000000000","0.661427293","0.000000000","0.102287821","0.000000000","0.020994106","0.074693593","0.000000000","0.135367669"
"mel459","0.034414964","0.000000000","0.005249295","0.259110859","0.000000000","0.049222677","0.000000000","0.000000000","0.009426594","0.000000000","0.642575611"
"mel439","0.01783565","0.08545350","0.01100782","0.12419342","0.05029194","0.02793476","0.00000000","0.03342923","0.02858912","0.00000000","0.62126457"
"mel084","0.01677448","0.00000000","0.00000000","0.48333961","0.00000000","0.08255715","0.00000000","0.00000000","0.02500061","0.00000000","0.39232816"
"mel026","0.02827194","0.03130242","0.00000000","0.20419584","0.09348050","0.02132493","0.11301398","0.01434386","0.02464568","0.00000000","0.46942084"
"mel353","0.02891213","0.00000000","0.00000000","0.43558740","0.00000000","0.10298033","0.00000000","0.00000000","0.03422908","0.00000000","0.39829105"
"mel159","0.038847115","0.013408849","0.027036294","0.025591180","0.066181125","0.013324954","0.191741338","0.001289592","0.021178022","0.000000000","0.601401532"
"mel199","0.0053433651","0.0136330783","0.0245588789","0.0605001478","0.0296291656","0.0177638831","0.0712459692","0.0002419178","0.0162041553","0.0979471928","0.6629322460"
"mel253","0.02311698","0.00000000","0.02200802","0.27342844","0.00000000","0.06291037","0.08963017","0.00000000","0.02064458","0.00000000","0.50826143"
"mel123","0.012521518","0.006634308","0.000000000","0.273850333","0.000000000","0.033364016","0.000000000","0.000000000","0.087234001","0.000000000","0.586395824"
"mel168","0.0114407621","0.0036292157","0.0285726511","0.0000000000","0.2747957085","0.0199143771","0.0000000000","0.0002439722","0.0090070530","0.0022742181","0.6501220421"
"mel108","0.021482911","0.004137031","0.013849068","0.000000000","0.236234518","0.003946433","0.063611117","0.005641620","0.008937936","0.031216621","0.610942745"
"mel110","0.019013770","0.000000000","0.002289016","0.000000000","0.135443056","0.014610802","0.030582798","0.000000000","0.006922530","0.095860191","0.695277837"
"mel078","0.016479783","0.014246720","0.015195773","0.000000000","0.376479276","0.007259238","0.000000000","0.016845367","0.018802348","0.000000000","0.534691494"
"mel200","0.000000e+00","5.333507e-02","0.000000e+00","7.166374e-01","0.000000e+00","7.247952e-02","0.000000e+00","1.575480e-01","0.000000e+00","0.000000e+00","2.220446e-16"
"mel079","0.020608427","0.000000000","0.000000000","0.366940715","0.000000000","0.070245601","0.045700665","0.000000000","0.009914916","0.000000000","0.486589676"
"mel203","0.03760423","0.00000000","0.00000000","0.44708629","0.00000000","0.07315800","0.00000000","0.00000000","0.00362099","0.00000000","0.43853050"
"mel360","0.02523782","0.08895657","0.00000000","0.22518463","0.00000000","0.05172793","0.00000000","0.02707095","0.04224497","0.00000000","0.53957713"
"mel333","0.009056481","0.013613394","0.012602936","0.111665653","0.097338236","0.022525771","0.066569757","0.000000000","0.009560765","0.054606098","0.602460910"
"mel115","0.04896906","0.00000000","0.00000000","0.50153196","0.00000000","0.09705717","0.00000000","0.00000000","0.00000000","0.00000000","0.35244180"
"mel303","0.026114463","0.146361758","0.004828181","0.277291090","0.000000000","0.040202089","0.015875382","0.023016143","0.043306902","0.000000000","0.423003991"
"mel371","0.06046439","0.04308329","0.05616598","0.17139393","0.00000000","0.04990968","0.03649818","0.03466708","0.04658734","0.04624758","0.45498254"
"mel255","0.03910783","0.02358140","0.03197157","0.00000000","0.28197116","0.01689864","0.01349824","0.02864676","0.02541354","0.01484980","0.52406106"
"mel392","0.020877001","0.009353252","0.007612235","0.000000000","0.503881289","0.007115974","0.021461117","0.004589202","0.009978304","0.000000000","0.415131626"
"mel135","0.05334791","0.00000000","0.00000000","0.31009277","0.00000000","0.06678407","0.00000000","0.00000000","0.01645770","0.00000000","0.55331755"
"mel282","0.05191451","0.07054334","0.00000000","0.45118766","0.00000000","0.07975775","0.00000000","0.09094002","0.05165953","0.00000000","0.20399720"
"mel249","0.0227547581","0.0000000000","0.0000000000","0.5511238286","0.0000000000","0.0718246438","0.0232272561","0.0003535615","0.0042503174","0.0000000000","0.3264656344"
"mel318","0.03461257","0.05071981","0.00000000","0.18538279","0.00000000","0.06412762","0.00000000","0.08015747","0.12007132","0.04093543","0.42399299"
"mel435","0.000000000","0.044439438","0.000000000","0.630550465","0.000000000","0.084895216","0.000000000","0.000000000","0.009676913","0.000000000","0.230437968"
"mel405","0.03236464","0.16037277","0.00000000","0.35980170","0.00000000","0.04479995","0.00000000","0.15165468","0.04041030","0.00000000","0.21059598"
"mel127","0.02397119","0.04744425","0.03491191","0.04599165","0.12632306","0.01938323","0.00000000","0.13666502","0.02804375","0.01563054","0.52163540"
"mel101","0.04008399","0.05764635","0.00000000","0.17642175","0.00000000","0.02665691","0.00000000","0.08791026","0.02682892","0.00000000","0.58445182"
"mel137","0.02840183","0.05229633","0.00000000","0.35625780","0.04340677","0.06882842","0.00000000","0.05599492","0.02629921","0.00000000","0.36851471"
"mel085","0.49751863","0.02141079","0.03912050","0.00000000","0.00000000","0.01935597","0.28459104","0.05778735","0.05507971","0.02513602","0.00000000"
"mel129","0.14921146","0.00000000","0.00000000","0.40512719","0.00000000","0.07286185","0.12961579","0.05514098","0.06256322","0.00000000","0.12547951"
"mel379","0.008543799","0.000000000","0.000000000","0.719646146","0.000000000","0.100581846","0.000000000","0.000000000","0.000000000","0.000000000","0.171228209"
"mel073","0.02102423","0.00000000","0.00000000","0.62233032","0.00000000","0.09232415","0.00000000","0.00000000","0.00000000","0.00000000","0.26432130"
"mel452","0.02279841","0.00000000","0.00000000","0.22314090","0.00000000","0.08424458","0.00000000","0.00000000","0.21316216","0.00000000","0.45665395"
"mel317","0.05206917","0.01996066","0.02366133","0.32205115","0.00000000","0.05870461","0.00000000","0.00000000","0.03803965","0.00000000","0.48551345"
"mel099","0.022879475","0.000000000","0.000000000","0.446105053","0.000000000","0.091348547","0.005881736","0.000000000","0.021150537","0.000000000","0.412634652"
"mel119","0.015971661","0.000000000","0.000000000","0.491643921","0.000000000","0.089943872","0.000000000","0.000991768","0.021749558","0.000000000","0.379699220"
"mel156","0.09698612","0.01876519","0.03637730","0.04710905","0.08060209","0.02026734","0.31654650","0.01786520","0.06772415","0.08040189","0.21735517"
"mel274","0.047937473","0.044786068","0.008340559","0.158292763","0.151154923","0.028780710","0.066829498","0.106085178","0.037316324","0.006573281","0.343903222"
"mel113","0.006585358","0.019167982","0.000000000","0.000000000","0.097559811","0.008930113","0.000000000","0.027571851","0.010525403","0.019990081","0.809669402"
"mel372","0.02870447","0.12988467","0.00000000","0.44119379","0.00000000","0.10067012","0.00000000","0.00000000","0.04318487","0.00000000","0.25636209"
"mel431","0.1435660","0.0000000","0.0000000","0.3846233","0.0000000","0.1274000","0.0000000","0.0000000","0.1381654","0.0000000","0.2062452"
"mel361","0.0554402298","0.0647937717","0.0009314167","0.2974572120","0.0000000000","0.0253359500","0.0000000000","0.3826119830","0.0778828791","0.0000000000","0.0955465576"
"mel322","0.010077000","0.106170824","0.018817535","0.000000000","0.170295125","0.028279537","0.000000000","0.092022757","0.026433040","0.004913611","0.542990572"
"mel263","0.055135611","0.027696655","0.000000000","0.077874736","0.163629957","0.006906421","0.272455871","0.005250056","0.035925867","0.033184960","0.321939865"
"mel003","0.10665898","0.06549258","0.01842376","0.14629823","0.00000000","0.01994943","0.32467940","0.23587143","0.08262620","0.00000000","0.00000000"
"mel337","0.022792999","0.000000000","0.000000000","0.594528261","0.000000000","0.103769046","0.000000000","0.005334974","0.021006058","0.000000000","0.252568662"
"mel006","0.14077384","0.01932655","0.05365078","0.06079102","0.18554722","0.02074103","0.22545947","0.04909081","0.02862312","0.00000000","0.21599615"
"mel258","0.090908573","0.015416042","0.002879275","0.307590125","0.000000000","0.049537443","0.072100878","0.041621714","0.045541270","0.000000000","0.374404679"
"mel109","0.0000000","0.0000000","0.0000000","0.8134453","0.0000000","0.1865547","0.0000000","0.0000000","0.0000000","0.0000000","0.0000000"
"mel236","0.1065542000","0.0624883186","0.0147079000","0.1469940031","0.0002820119","0.0193283310","0.0000000000","0.1498616061","0.0821697909","0.0138295567","0.4037842818"
"mel404","0.04606860","0.14491902","0.00000000","0.33450981","0.00000000","0.06648294","0.00000000","0.06886726","0.03281232","0.00000000","0.30634006"
"mel276","0.03276390","0.14456193","0.00000000","0.31998910","0.00000000","0.04687177","0.00000000","0.05782524","0.05886616","0.00000000","0.33912190"
"mel045","0.02626318","0.00000000","0.00000000","0.80437175","0.00000000","0.12416752","0.00000000","0.00000000","0.03397356","0.00000000","0.01122400"
"mel050","0.04097306","0.05851571","0.00000000","0.20773786","0.02862497","0.03287732","0.00000000","0.06500824","0.03469948","0.01660894","0.51495440"
"mel394","0.02811125","0.03419486","0.00000000","0.36547339","0.00000000","0.06194977","0.00000000","0.06495514","0.02594680","0.00000000","0.41936879"
"mel244","0.02516257","0.00000000","0.00000000","0.37055721","0.00000000","0.04740001","0.00000000","0.00286697","0.04286838","0.00000000","0.51114486"
"mel007","0.1261754830","0.0276448336","0.0086917701","0.2983556526","0.0000000000","0.0652723480","0.2950174242","0.1015068346","0.0546005048","0.0002879609","0.0224471881"
"mel385","0.083404293","0.000000000","0.000000000","0.561344301","0.000000000","0.095302054","0.000000000","0.017555589","0.004621775","0.000000000","0.237771988"
"mel437","0.019777673","0.073142503","0.000000000","0.210121617","0.000000000","0.036023471","0.047104282","0.006003109","0.023800472","0.000000000","0.584026874"
